1.000000000000000000e+00,2.427862345865909877e-01,5.486151514009289520e-02,6.225366389780752352e-02,8.143290049912461914e-02,-1.460504567742951232e-01,-3.741029040976264364e-03,-4.576392206002606600e-02,-9.237664517918996177e-02,1.657628542090441859e-02,-5.749752384278985703e-03,-2.677979992899284789e-02,2.002490282205436622e-01,-3.580253443233063354e-02,1.035549584519402933e-01,7.103304803504715409e-03,-1.669473669833974327e-01,1.519461557977223043e-01,1.924253119941990442e-02,1.718848007166222935e-01,1.614486073060371341e-02,-5.807378949017608788e-02,1.715344837060323868e-01,4.728980309734100856e-02,8.544121014240560474e-02,-1.265406898454366491e-01,4.789932789033542193e-02,-1.127263950623144800e-01,2.988789771917650939e-01,-2.719925970546041571e-02,1.916308977623190288e-02,-8.956324910923998961e-02,-5.062468503365698605e-03,-1.697363200303219632e-01,6.451801301478307660e-02,-5.836378817398684554e-02,-8.981633940508479408e-02,1.964253217834655840e-01,2.624029030862982254e-02
2.427862345865910709e-01,1.000000000000000000e+00,-8.120151650607659866e-02,5.800487101166919984e-02,1.085945157124861282e-01,1.450668804945748902e-01,3.455326148174315583e-03,-1.004776847773110882e-01,2.332663593355087037e-02,4.368127127060863341e-02,-1.109558402511414549e-01,6.454663438803920350e-02,-9.440520172489545725e-02,-1.178963590085397861e-01,-1.360543845426544218e-01,-2.111085851025381599e-01,-1.765069078065274466e-01,1.204915161086004931e-02,-9.874817818448069009e-03,6.745248340430031950e-03,1.612280784015793916e-02,-2.403918597632279108e-02,-9.737355355290140679e-03,1.311632291224760771e-01,2.699554272872873306e-01,1.084338614649241611e-01,-1.364156510289889213e-01,1.059400317553734899e-01,-3.021231355784839007e-02,8.383031197812931823e-02,-5.281546436778007669e-02,-4.172160522235442842e-02,-8.635415104786905299e-03,-1.045664311107028649e-01,-4.754844467217787807e-02,-4.965215631194290664e-03,-1.631349351710609241e-02,-3.692715111857855503e-04,1.863021861682480074e-01
5.486151514009291602e-02,-8.120151650607629334e-02,1.000000000000000000e+00,2.668363281413324486e-03,-7.086995427673888071e-02,-1.578399717839762536e-03,-6.819940244626818138e-02,-3.464012291745197092e-01,8.177685454065889998e-04,1.993997774744617549e-02,-8.769440831487496091e-02,1.046071598734568397e-01,1.396908471959535658e-01,-6.067668170766385427e-02,2.971260259079910870e-02,1.919476383647652704e-02,3.942025728653717614e-02,-6.905286813182249031e-03,1.196839031124934394e-01,9.161297110986249548e-02,1.134950427368715542e-01,2.136084184946039910e-01,1.399779485042352833e-01,1.694913861161150351e-02,-8.867146386997451502e-02,-2.780303457206596482e-02,-1.515493807046782403e-02,9.391486583095284835e-02,-4.410142921525724707e-02,8.698632982372726807e-02,3.932265952975134288e-02,1.424535363686194600e-01,3.362766654910332997e-01,-5.799613641488116089e-02,2.389146674669445289e-02,1.262827302285999542e-01,5.290722524920634523e-02,7.538892360934912329e-03,5.170017482483315295e-03
6.225366389780761373e-02,5.800487101166901943e-02,2.668363281413344869e-03,1.000000000000000000e+00,1.219032900352402110e-01,-7.106993415284168503e-02,4.235124143889041903e-01,1.068815483529464844e-01,-2.124195065638900815e-01,4.627638273148939989e-03,7.736801153231179229e-02,8.373587950084920850e-02,-9.622722168864139558e-02,5.561114519461086286e-02,-3.057216995289338546e-01,4.137916909687763128e-02,-6.768283311146865155e-02,8.952006516330589247e-02,2.898208132049689099e-03,-2.356109318030505731e-02,1.750539435620708170e-02,4.656894303807009028e-02,1.365378767456382203e-01,-8.061429842142847635e-02,2.145858674945196054e-02,-1.154445345776473619e-01,-1.401621569525743349e-01,3.324759576247742765e-01,-1.095315878714185620e-01,1.950799565892908649e-01,-1.781476614767796562e-01,6.903068004382180434e-02,-1.236287895638322858e-02,-2.574063402544725376e-02,1.136449332885183933e-01,-1.422871932940381057e-01,-7.919006242690176944e-02,3.638540871365095533e-03,-1.011196663422383735e-01
8.143290049912460526e-02,1.085945157124860727e-01,-7.086995427673885295e-02,1.219032900352400722e-01,1.000000000000000000e+00,-3.756967989041437583e-02,3.826579728999014024e-02,2.289304614463506804e-02,2.969207608691681183e-02,-3.639211357164285482e-02,-1.353230544061219121e-01,-3.082095623494750160e-03,-7.897852076256535458e-02,1.704062010264392468e-01,5.767355467934266039e-02,-2.403103622757280997e-02,7.691891900058962783e-02,1.363277626282879407e-01,1.441996784073060200e-01,1.523334129060972264e-01,-6.837783835761970797e-02,1.052120509858397029e-01,-5.530143424841697797e-02,-2.573073290576487898e-02,9.865197558865597405e-02,1.207959183914489587e-01,2.857241085465413444e-01,-3.331864621183502212e-02,5.953997710046303460e-02,5.189431045864016136e-03,-1.013256015165291124e-01,1.049143153576797063e-02,4.355580712252807990e-02,2.918591845384179151e-01,1.807898153822330989e-01,-5.264462861941200840e-03,6.429175873288904552e-02,6.272909742058020710e-02,-4.138897320674077285e-02
-1.460504567742952065e-01,1.450668804945749735e-01,-1.578399717839785305e-03,-7.106993415284168503e-02,-3.756967989041438277e-02,1.000000000000000000e+00,9.469746791032450373e-02,6.179406126093659087e-03,-8.889148535103384707e-02,-1.466834936886403928e-01,1.213722923088134675e-01,-9.668385261338013903e-02,5.200523742360457780e-02,-1.799841118681909380e-01,-7.978519565522408652e-02,9.961560429735027977e-02,-2.283890861312028731e-01,1.127438810664909905e-02,-3.118658250183736422e-02,2.505898139987764589e-02,-1.166545761520687008e-01,1.685971417805613437e-01,1.439988154981029604e-02,-4.818754436968929467e-01,1.606349171503737919e-02,2.321194780102893082e-02,1.054047154693178168e-01,2.169654657969354028e-01,2.931858203728165413e-01,-1.195442062517835212e-02,1.023994555208344176e-01,-1.560854347504936068e-01,-4.395150228202241577e-02,7.023337805031841519e-02,1.858608297506718632e-01,1.421093004678201654e-01,2.315322082633795506e-02,2.298059636198890310e-02,8.041874483421761199e-02
-3.741029040976255257e-03,3.455326148174396681e-03,-6.819940244626818138e-02,4.235124143889040238e-01,3.826579728999043861e-02,9.469746791032464250e-02,1.000000000000000000e+00,4.968101122414570608e-02,-1.074451061603750035e-01,4.924182905762305301e-02,-6.879909930026809062e-02,5.130963900419220625e-02,-3.396219907056658317e-03,3.477831987921735368e-02,3.132172434311621401e-01,1.423848651371861264e-02,-3.236125086135483581e-02,-2.359007362527473506e-01,1.060913838898367711e-01,9.650428026548770952e-03,7.621524558617860656e-02,1.406180606397572494e-03,-1.830522209988902638e-01,-9.634457753086553972e-03,1.449034319816615290e-01,-2.750716380563060504e-02,5.055065629231397795e-02,-3.090007983001640327e-02,9.473413622078810659e-02,1.015917362053861545e-01,7.418713638322367576e-02,-7.777217435752989405e-02,-7.703826958621612375e-02,-8.978061763935780981e-02,-2.697776838276742459e-02,1.094779820656373165e-01,9.606375081906835811e-02,-6.366262471002652468e-02,-8.688806092519589519e-02
-4.576392206002610763e-02,-1.004776847773110465e-01,-3.464012291745197647e-01,1.068815483529466509e-01,2.289304614463494661e-02,6.179406126093715465e-03,4.968101122414576160e-02,1.000000000000000000e+00,2.078909694418093219e-03,-4.143868628056950054e-02,6.826755618407787107e-02,-9.869528402054807137e-02,3.716626520388798677e-02,4.027383465434431278e-03,1.518235084361378440e-01,2.909771016093193677e-02,1.912799842223193020e-02,7.354782626656507227e-02,-2.451417586213344799e-03,4.381971062601921346e-02,-1.430193625807369383e-02,2.208487230487318764e-03,-8.430318779680787133e-02,-9.023355876778997586e-02,-1.302679351361842042e-01,-2.666420000070673230e-02,-2.831209212855247820e-02,8.154323112664234319e-02,-4.797122240202594812e-02,2.972731703681884968e-02,1.803747162240983137e-01,1.820142242021172696e-01,1.675061571343161027e-01,1.255924267603129862e-01,6.273092004095674398e-03,1.178143111099901053e-01,6.658848036036286132e-03,-6.142814083417595661e-02,4.695816113366753364e-02
-9.237664517919000340e-02,2.332663593355072812e-02,8.177685454065833619e-04,-2.124195065638903313e-01,2.969207608691721081e-02,-8.889148535103358340e-02,-1.074451061603749896e-01,2.078909694417974390e-03,1.000000000000000000e+00,2.202195936934877030e-01,-4.072085731112228078e-04,8.013030241174154411e-02,6.273947988662967323e-02,3.872054424025118263e-02,3.684471103598257330e-02,7.331169748762633720e-02,5.663363188124329040e-02,1.156736760440509881e-01,-1.086506100172843214e-01,-8.653159099446632030e-02,-1.847627564677922773e-02,7.690374313182475607e-02,3.882038947468715445e-02,-7.217425288698682551e-02,1.425654967941626938e-01,1.041477750297982174e-01,2.206525180509982115e-02,-4.750379945708767260e-03,-4.234443642976521045e-03,2.066293959939549396e-01,1.785242395498199894e-02,4.541162904161841381e-03,-1.251697059140897787e-02,-4.927162063071572479e-02,7.680777310924354062e-02,2.641086051961122685e-02,2.789666904898239000e-02,7.335694814454160606e-02,1.159100582921336331e-01
1.657628542090472390e-02,4.368127127060893872e-02,1.993997774744626569e-02,4.627638273148821160e-03,-3.639211357164281319e-02,-1.466834936886403651e-01,4.924182905762316403e-02,-4.143868628056952136e-02,2.202195936934875919e-01,1.000000000000000000e+00,2.363331781679556785e-03,1.002409065196797483e-01,-3.804198568956947829e-02,5.111629977717058182e-02,2.540630104059110259e-02,3.813629817713918291e-01,3.273502486883779483e-02,8.233535476998847524e-02,-1.066860176601727578e-01,9.350703024904354760e-03,-4.007538265250230880e-02,-1.040357568139177978e-02,1.390052334985973359e-01,-6.658667712722150800e-02,-3.000726383657505852e-02,-2.581836965186765434e-02,-1.291726549417274716e-01,5.432031682966863284e-02,1.622540935726597688e-02,-1.865404178110777536e-02,-1.570718488597357687e-01,1.669808623515076362e-01,7.863190531037709402e-03,9.969733554524207175e-02,1.037489961694682550e-01,6.820871214895769634e-03,2.663989572899387939e-02,7.333862881624213237e-02,9.427779096078729715e-02
-5.749752384278983101e-03,-1.109558402511411773e-01,-8.769440831487484989e-02,7.736801153231175066e-02,-1.353230544061219121e-01,1.213722923088136896e-01,-6.879909930026797960e-02,6.826755618407787107e-02,-4.072085731113323122e-04,2.363331781679451835e-03,1.000000000000000000e+00,2.821962005863251285e-02,-1.028564251408855407e-01,-7.380802266228347897e-02,4.379518214550278538e-02,-9.535563891562830185e-02,5.472502084823273050e-01,5.112698480633771220e-02,6.776860543454753250e-02,4.741519148702951457e-03,4.029681417803473997e-02,8.182104759796575422e-02,4.614648951374028529e-02,9.179116665509549911e-02,-8.249841758109385109e-03,-4.999815697863346092e-02,-5.593405495744421113e-02,8.937523279619536895e-03,7.301986485623124246e-02,-2.710194567652829227e-03,-7.296361108442313281e-02,-8.904939530537651915e-02,1.713138263882775514e-02,-4.622551951572870244e-02,9.305570967169360386e-02,-9.992121028559271256e-02,8.847287294953095488e-03,2.084353418314428830e-02,-1.028446921878125170e-01
-2.677979992899306300e-02,6.454663438803899533e-02,1.046071598734566871e-01,8.373587950084938891e-02,-3.082095623494907587e-03,-9.668385261337995862e-02,5.130963900419216461e-02,-9.869528402054801586e-02,8.013030241174165513e-02,1.002409065196799148e-01,2.821962005863246775e-02,1.000000000000000000e+00,1.865597489734912651e-03,-2.270978456428274228e-02,2.730306801771323344e-01,-3.867689885401266042e-02,-1.003731875931651307e-01,3.095422303850152712e-01,-8.003559480792479114e-03,-2.182351848281171430e-02,1.050925775034167349e-02,1.213837762901062434e-01,-6.095876090712531309e-02,-3.007942505497637753e-02,3.171985924476993218e-03,-1.066931114406451803e-01,1.639305727485946412e-02,9.632140112448200897e-02,-1.672993138220873685e-02,-1.112845635822061127e-02,3.163575977238315684e-02,-4.703074170253275683e-03,7.553125252320151695e-02,9.703855943396631767e-02,-9.155191795424338919e-02,-1.647952752539919019e-01,-4.767683194939738300e-02,-2.866058226979387516e-02,2.362312330370172908e-01
2.002490282205438288e-01,-9.440520172489517969e-02,1.396908471959534548e-01,-9.622722168864160375e-02,-7.897852076256522968e-02,5.200523742360470963e-02,-3.396219907056820513e-03,3.716626520388793820e-02,6.273947988662939568e-02,-3.804198568956942278e-02,-1.028564251408856656e-01,1.865597489735234876e-03,1.000000000000000000e+00,1.660876504042876206e-02,-4.519467771637992320e-02,6.278380840315345157e-02,8.274775687645583022e-02,-1.233791400382275999e-01,7.736971085277387361e-02,8.459569042811321271e-02,-2.055763104399323249e-02,2.713162443760920861e-01,-1.579952181280307733e-01,1.266770061599620245e-02,1.625760004543074233e-01,-7.472987861403683485e-02,3.992627602553010940e-02,8.886867573829163036e-02,5.914447838210586117e-02,3.494113696004027408e-02,-2.403240532034604249e-01,9.096029114366199764e-02,1.612421002927017788e-01,-4.359209434985395620e-02,3.700413506739366060e-02,3.018558854033081065e-02,-3.829422114782624065e-02,1.992107640120810083e-02,-7.923443187677776944e-02
-3.580253443233074456e-02,-1.178963590085398416e-01,-6.067668170766392366e-02,5.561114519461090450e-02,1.704062010264391913e-01,-1.799841118681910490e-01,3.477831987921725654e-02,4.027383465434527555e-03,3.872054424025119651e-02,5.111629977717029732e-02,-7.380802266228381203e-02,-2.270978456428296086e-02,1.660876504042864410e-02,1.000000000000000000e+00,-1.114215529575541402e-01,7.435845808624612363e-02,1.873913871280750293e-02,-3.723875627888592870e-03,-3.487525738541862735e-02,-3.770151022985381017e-02,4.741562115391567689e-02,-1.958554521900732898e-02,1.172538749087625141e-02,2.642328894153097574e-01,-5.249482323020622510e-02,1.701878198406626130e-01,2.558882137075826346e-01,-4.202437374023035299e-02,6.967809680331681077e-02,6.728883270310637155e-02,1.046144802189896555e-01,7.070370638879594494e-02,-1.199060611292410844e-01,-7.080784039618209791e-02,2.870873520457823541e-02,1.104142886540433188e-01,-1.614936856726379572e-02,1.621354616261086110e-02,1.876884861769482354e-02
1.035549584519405708e-01,-1.360543845426546161e-01,2.971260259079930993e-02,-3.057216995289341321e-01,5.767355467934218161e-02,-7.978519565522423918e-02,3.132172434311619180e-01,1.518235084361380105e-01,3.684471103598242758e-02,2.540630104059112340e-02,4.379518214550276456e-02,2.730306801771323344e-01,-4.519467771638029790e-02,-1.114215529575540015e-01,1.000000000000000000e+00,3.360547809216535980e-02,6.016765058286892287e-02,7.254367496027701312e-02,-7.153568831853500398e-02,1.601899723820967014e-01,-2.424020598541193339e-02,-2.115977256832811057e-02,2.085525854069964283e-02,-3.421296665939958792e-02,3.181059399462099480e-02,-5.894452491245889825e-02,6.424925660609389841e-03,4.702252150485974024e-03,-3.354011081885680673e-02,5.470811040887745696e-02,5.380607130917473835e-02,-1.370206512859344916e-01,9.739952044611752124e-02,1.176586968164746866e-01,7.096574262253207976e-02,3.554758191559721087e-02,1.175062540818677496e-02,2.094578466571997144e-01,1.577690733781590693e-01
7.103304803504939188e-03,-2.111085851025382987e-01,1.919476383647636744e-02,4.137916909687793660e-02,-2.403103622757299732e-02,9.961560429735019651e-02,1.423848651371853805e-02,2.909771016093179452e-02,7.331169748762667027e-02,3.813629817713913295e-01,-9.535563891562842675e-02,-3.867689885401257716e-02,6.278380840315332667e-02,7.435845808624609588e-02,3.360547809216581083e-02,1.000000000000000000e+00,-6.070628553361079836e-03,2.192879068184895933e-02,7.471228087579834774e-03,-4.279530846204286643e-02,9.332805644983671600e-02,3.281523995595876653e-02,4.227157647420699133e-02,2.008994820725705233e-01,2.670077297016520967e-02,6.576027526665105538e-02,-3.955422553531796198e-02,-3.051154284770560970e-02,-4.159060980491746835e-03,-2.061964963553486463e-02,8.411035739906862208e-02,1.205098703956312446e-02,-4.665040845497012839e-02,1.286262349528268789e-01,-5.023453338282885677e-02,2.368425295822624010e-01,-3.174305429618661661e-02,1.744654277709140611e-01,-4.331719953319876359e-02
-1.669473669833972385e-01,-1.765069078065277519e-01,3.942025728653702349e-02,-6.768283311146876258e-02,7.691891900058961395e-02,-2.283890861312031506e-01,-3.236125086135493295e-02,1.912799842223186775e-02,5.663363188124370673e-02,3.273502486883758666e-02,5.472502084823270829e-01,-1.003731875931650197e-01,8.274775687645535838e-02,1.873913871280730864e-02,6.016765058286882573e-02,-6.070628553360945395e-03,1.000000000000000000e+00,1.051978187954159955e-01,4.296705367275398951e-02,8.598682940527006824e-02,5.409079541787668866e-02,-2.601114968869923730e-02,4.013441434103498517e-02,-1.829145291925151628e-01,7.954080433125214344e-02,-2.326819611680300617e-02,-5.904301195078355546e-02,9.540973006097751286e-02,1.367282144925898169e-01,1.099118775555602556e-01,1.923566991796904838e-02,1.762935771827464082e-01,-4.579667290798927759e-02,-2.038418293205752907e-02,-8.283231866272097732e-02,-1.318191432988879974e-02,4.263858339223096372e-02,7.631459402379146828e-02,-8.121474454687929723e-02
1.519461557977223876e-01,1.204915161086004931e-02,-6.905286813182163162e-03,8.952006516330604513e-02,1.363277626282882182e-01,1.127438810664926037e-02,-2.359007362527476559e-01,7.354782626656519717e-02,1.156736760440509881e-01,8.233535476998868341e-02,5.112698480633749709e-02,3.095422303850155488e-01,-1.233791400382276138e-01,-3.723875627888701724e-03,7.254367496027713802e-02,2.192879068184915708e-02,1.051978187954165367e-01,1.000000000000000000e+00,4.693155609621168511e-01,-1.324017130558158284e-01,2.336172925395567715e-02,5.000323473931366641e-02,-1.198699523184218046e-01,-3.092477081778052372e-03,-2.699690110680424623e-02,3.027551708468562836e-02,2.426493581388786472e-02,-2.432371018102897839e-02,-3.901277161498595270e-02,-8.903312790846891478e-02,9.702498326838963905e-02,-9.312760041570232461e-02,-2.764400248733004870e-02,-4.254571474561072431e-02,-3.976317630420311139e-02,-1.163942760205012028e-01,-2.391160584299641817e-02,-1.216893854902891259e-01,8.745346688561690673e-02
1.924253119941989748e-02,-9.874817818448247686e-03,1.196839031124932590e-01,2.898208132049599327e-03,1.441996784073063254e-01,-3.118658250183739891e-02,1.060913838898370765e-01,-2.451417586213437607e-03,-1.086506100172846268e-01,-1.066860176601727855e-01,6.776860543454762964e-02,-8.003559480792728914e-03,7.736971085277420668e-02,-3.487525738541899512e-02,-7.153568831853497623e-02,7.471228087579650894e-03,4.296705367275358012e-02,4.693155609621171287e-01,1.000000000000000000e+00,-2.305151022934536775e-01,-1.116832370040590078e-01,-7.279714224737603157e-02,1.464452960891982902e-01,-7.465087683452955279e-03,-5.858383684033365707e-02,1.553056855869482666e-01,1.160359095035135846e-01,-6.975062545173842110e-02,-9.965611697752106701e-02,-6.784387668022301421e-02,-1.012511481136598888e-03,-1.741565507550623532e-02,-4.344077183497545291e-03,2.414482742963321993e-01,-3.060236112885143453e-02,2.390529645883539556e-01,7.685669071272303865e-02,9.930072236183983686e-03,-1.162247706271925113e-01
1.718848007166221548e-01,6.745248340429953020e-03,9.161297110986235670e-02,-2.356109318030470343e-02,1.523334129060977538e-01,2.505898139987796855e-02,9.650428026548824728e-03,4.381971062601897060e-02,-8.653159099446629254e-02,9.350703024904835278e-03,4.741519148702861251e-03,-2.182351848281180798e-02,8.459569042811367068e-02,-3.770151022985403916e-02,1.601899723820968957e-01,-4.279530846204281785e-02,8.598682940527013763e-02,-1.324017130558159117e-01,-2.305151022934536498e-01,1.000000000000000000e+00,2.345678329290507014e-02,3.135760157211520127e-01,8.917140221576948245e-02,1.075922222713970727e-01,-1.374765242951991595e-01,1.096962972042063722e-01,-6.821279927904493057e-02,7.923958299278528739e-02,-1.238042597709662906e-01,-4.100160170370317769e-02,-2.166327314970576540e-02,-2.136624536503739236e-01,1.214006937186968560e-01,6.433844738547631059e-02,-1.539314317034010463e-02,6.572018780143720762e-02,-9.296682420141738623e-02,-6.726624474410841659e-02,-1.357691426809087831e-01
1.614486073060385565e-02,1.612280784015783855e-02,1.134950427368711240e-01,1.750539435620711987e-02,-6.837783835761968021e-02,-1.166545761520686314e-01,7.621524558617860656e-02,-1.430193625807397138e-02,-1.847627564677933182e-02,-4.007538265250220472e-02,4.029681417803494120e-02,1.050925775034173941e-02,-2.055763104399307636e-02,4.741562115391565607e-02,-2.424020598541180155e-02,9.332805644983685478e-02,5.409079541787640416e-02,2.336172925395551409e-02,-1.116832370040591327e-01,2.345678329290453931e-02,1.000000000000000000e+00,2.180540991327568900e-02,-4.774248217944408040e-02,-1.220520720611145415e-01,-2.804061801542867549e-02,-1.752377203852181764e-02,-6.727688218192078885e-03,7.085969058612574811e-02,-5.848255033887085619e-02,3.405800662248997801e-02,5.773842110842496850e-02,1.593675513542841815e-01,5.647486022994641780e-02,4.035814204029509328e-02,-2.077852646908413259e-01,8.085649096096406141e-02,5.368339322739705544e-02,1.569401680408221214e-02,-2.040537330307676950e-02
-5.807378949017625441e-02,-2.403918597632283619e-02,2.136084184946036302e-01,4.656894303807006946e-02,1.052120509858393421e-01,1.685971417805610939e-01,1.406180606397805814e-03,2.208487230487289274e-03,7.690374313182483934e-02,-1.040357568139201223e-02,8.182104759796601789e-02,1.213837762901061879e-01,2.713162443760922526e-01,-1.958554521900741571e-02,-2.115977256832865527e-02,3.281523995595844734e-02,-2.601114968869972649e-02,5.000323473931412438e-02,-7.279714224737610095e-02,3.135760157211527344e-01,2.180540991327549818e-02,1.000000000000000000e+00,-2.100602734646456193e-02,8.557005371223209977e-02,1.023376978150320436e-02,-6.213749535128058193e-02,1.134082081874497883e-01,-5.721695188122664227e-02,-2.810854862365111048e-02,-1.296747562138726717e-01,-4.189234768743738818e-02,4.667335611120593947e-02,1.197673626088761323e-01,-3.562477351962602123e-02,-2.859890850335745568e-02,-3.634247903337425867e-02,2.344415206864448528e-02,-2.249775951038350888e-02,-2.087919782423476589e-02
1.715344837060322758e-01,-9.737355355290289866e-03,1.399779485042351446e-01,1.365378767456381925e-01,-5.530143424841696409e-02,1.439988154981024920e-02,-1.830522209988905413e-01,-8.430318779680777419e-02,3.882038947468703649e-02,1.390052334985971694e-01,4.614648951374039632e-02,-6.095876090712495921e-02,-1.579952181280309120e-01,1.172538749087627050e-02,2.085525854069996549e-02,4.227157647420699826e-02,4.013441434103487415e-02,-1.198699523184215965e-01,1.464452960891979572e-01,8.917140221576951020e-02,-4.774248217944425388e-02,-2.100602734646477704e-02,1.000000000000000000e+00,-4.457173333673207158e-03,3.650216747610978141e-01,1.972552792464585258e-02,-3.524450367000967616e-02,-1.530567873511740062e-01,2.204564695232728300e-01,3.394986040020177981e-02,1.696434911167142845e-01,-5.064035977751901729e-02,2.153179362265494196e-02,2.087801307008949319e-03,-1.635756758125635896e-02,7.660548114203938504e-03,2.293757782081214461e-02,5.429376016003971232e-03,6.420006737755886567e-03
4.728980309734109183e-02,1.311632291224760216e-01,1.694913861161146534e-02,-8.061429842142857349e-02,-2.573073290576486857e-02,-4.818754436968927246e-01,-9.634457753086612952e-03,-9.023355876779007301e-02,-7.217425288698718633e-02,-6.658667712722125820e-02,9.179116665509551298e-02,-3.007942505497653365e-02,1.266770061599604286e-02,2.642328894153099239e-01,-3.421296665939944914e-02,2.008994820725705233e-01,-1.829145291925150241e-01,-3.092477081778069719e-03,-7.465087683453126149e-03,1.075922222713969478e-01,-1.220520720611146248e-01,8.557005371223230794e-02,-4.457173333673159453e-03,1.000000000000000000e+00,1.381234348836097858e-01,-1.146545280499997599e-01,7.179645144413882019e-03,8.076376132365599425e-02,2.067137555122230963e-02,-7.593246332444149316e-02,-2.838726427378889666e-02,-1.265384923190359667e-01,1.790777705756057062e-02,6.462683855489143037e-02,2.045792726069727008e-01,3.016436229279907677e-02,1.593143685021633227e-01,-7.940225447134889591e-02,1.421581308463409736e-02
8.544121014240561862e-02,2.699554272872873306e-01,-8.867146386997429297e-02,2.145858674945205768e-02,9.865197558865573813e-02,1.606349171503728204e-02,1.449034319816617233e-01,-1.302679351361842319e-01,1.425654967941629714e-01,-3.000726383657493709e-02,-8.249841758109480519e-03,3.171985924476886532e-03,1.625760004543075898e-01,-5.249482323020652347e-02,3.181059399462028703e-02,2.670077297016548723e-02,7.954080433125222671e-02,-2.699690110680453767e-02,-5.858383684033325461e-02,-1.374765242951986599e-01,-2.804061801542830079e-02,1.023376978150310028e-02,3.650216747610974810e-01,1.381234348836095915e-01,1.000000000000000000e+00,7.333621437694658185e-02,-1.106874758476352784e-02,-7.806255163638273209e-02,1.377350070022212714e-01,-5.143836460806152505e-02,5.127491899783558765e-02,-1.208877847613159910e-02,-4.163314993431271177e-02,1.229307541879048754e-01,-1.188928625520764837e-01,1.422846216456962187e-01,1.153485228715741412e-01,-1.690398622377677074e-02,-2.870888447703452348e-02
-1.265406898454364548e-01,1.084338614649242860e-01,-2.780303457206576706e-02,-1.154445345776476534e-01,1.207959183914487228e-01,2.321194780102904184e-02,-2.750716380563031707e-02,-2.666420000070680169e-02,1.041477750297982452e-01,-2.581836965186743924e-02,-4.999815697863328051e-02,-1.066931114406452497e-01,-7.472987861403637688e-02,1.701878198406637788e-01,-5.894452491245914111e-02,6.576027526665012557e-02,-2.326819611680321434e-02,3.027551708468642633e-02,1.553056855869472397e-01,1.096962972042057616e-01,-1.752377203852226520e-02,-6.213749535128083173e-02,1.972552792464604340e-02,-1.146545280499998570e-01,7.333621437694629042e-02,1.000000000000000000e+00,2.237379946274788145e-01,8.795346961426710186e-02,-5.491741486058682870e-02,3.368848254179971913e-01,-7.743693629777591292e-02,9.438658298374145994e-02,-2.346865301755322181e-02,1.671940565345653856e-02,-2.639276487675745742e-01,-2.976344193471744046e-02,-9.739542784556200206e-02,3.815454040297180244e-02,4.848736074448503630e-02
4.789932789033569949e-02,-1.364156510289888935e-01,-1.515493807046791076e-02,-1.401621569525738908e-01,2.857241085465412889e-01,1.054047154693178168e-01,5.055065629231404040e-02,-2.831209212855259269e-02,2.206525180510054279e-02,-1.291726549417274994e-01,-5.593405495744402378e-02,1.639305727485956821e-02,3.992627602552981797e-02,2.558882137075820240e-01,6.424925660609400249e-03,-3.955422553531716401e-02,-5.904301195078351383e-02,2.426493581388683776e-02,1.160359095035145283e-01,-6.821279927904463913e-02,-6.727688218192033782e-03,1.134082081874498854e-01,-3.524450367000999534e-02,7.179645144413981765e-03,-1.106874758476385397e-02,2.237379946274797027e-01,1.000000000000000000e+00,-1.182435638393673216e-01,6.372105654638414440e-02,4.392639343291557252e-02,1.247389075474486658e-01,4.701572223920384708e-02,1.163393248929858181e-01,-9.655005281089482777e-03,1.144697993265158253e-01,9.166171182875349280e-03,-2.734125925480886954e-01,2.230085081287040694e-02,-1.426531763007338541e-02
-1.127263950623143829e-01,1.059400317553733928e-01,9.391486583095286222e-02,3.324759576247742765e-01,-3.331864621183527886e-02,2.169654657969353195e-01,-3.090007983001668776e-02,8.154323112664260687e-02,-4.750379945708678789e-03,5.432031682966883407e-02,8.937523279619682612e-03,9.632140112448220326e-02,8.886867573829111688e-02,-4.202437374023057504e-02,4.702252150485948003e-03,-3.051154284770565481e-02,9.540973006097688836e-02,-2.432371018102911023e-02,-6.975062545173803252e-02,7.923958299278607842e-02,7.085969058612580362e-02,-5.721695188122637166e-02,-1.530567873511742838e-01,8.076376132365607752e-02,-7.806255163638245453e-02,8.795346961426694921e-02,-1.182435638393670579e-01,1.000000000000000000e+00,1.153592870427150169e-01,-2.531129196107240187e-02,3.739962458477003593e-01,5.773032669337389844e-02,9.636513376252776875e-02,9.564848557092517356e-02,-4.678235580985595082e-02,6.178160418934718762e-02,-3.391497571336667127e-02,6.122976708727703721e-02,1.304327061038639546e-01
2.988789771917653715e-01,-3.021231355784856007e-02,-4.410142921525717075e-02,-1.095315878714184371e-01,5.953997710046327746e-02,2.931858203728167078e-01,9.473413622078807883e-02,-4.797122240202600363e-02,-4.234443642976710998e-03,1.622540935726651812e-02,7.301986485623124246e-02,-1.672993138220901788e-02,5.914447838210606934e-02,6.967809680331681077e-02,-3.354011081885630713e-02,-4.159060980492177914e-03,1.367282144925898724e-01,-3.901277161498617474e-02,-9.965611697752095599e-02,-1.238042597709666792e-01,-5.848255033887080068e-02,-2.810854862365094395e-02,2.204564695232727189e-01,2.067137555122257678e-02,1.377350070022213269e-01,-5.491741486058667604e-02,6.372105654638401950e-02,1.153592870427150030e-01,1.000000000000000000e+00,1.134112486950783205e-01,-5.674754234493658428e-02,1.300358016733828836e-01,-6.165940409157280588e-02,1.156926575622248682e-01,7.313662552260146756e-03,-2.422872203608514990e-02,1.466761766853850180e-01,8.834643681599280152e-02,-9.628852240682800323e-02
-2.719925970546053715e-02,8.383031197812947088e-02,8.698632982372719868e-02,1.950799565892910314e-01,5.189431045863729039e-03,-1.195442062517846314e-02,1.015917362053860296e-01,2.972731703681890519e-02,2.066293959939549951e-01,-1.865404178110811537e-02,-2.710194567652826625e-03,-1.112845635822057137e-02,3.494113696004005204e-02,6.728883270310584419e-02,5.470811040887721410e-02,-2.061964963553418809e-02,1.099118775555604915e-01,-8.903312790846906744e-02,-6.784387668022295870e-02,-4.100160170370278218e-02,3.405800662248984617e-02,-1.296747562138729215e-01,3.394986040020155083e-02,-7.593246332444159030e-02,-5.143836460806109484e-02,3.368848254179967472e-01,4.392639343291660642e-02,-2.531129196107261697e-02,1.134112486950783344e-01,1.000000000000000000e+00,1.439699603541516604e-01,3.392411840937637618e-02,-4.701828307535341721e-03,-5.751747136651096798e-02,1.631991402034405070e-02,1.438412314335178188e-01,-5.863689876145922186e-02,-7.400643259106014227e-02,5.648883121560269172e-02
1.916308977623183002e-02,-5.281546436777984771e-02,3.932265952975097512e-02,-1.781476614767797950e-01,-1.013256015165289181e-01,1.023994555208346396e-01,7.418713638322382842e-02,1.803747162240981194e-01,1.785242395498179771e-02,-1.570718488597357687e-01,-7.296361108442304955e-02,3.163575977238327480e-02,-2.403240532034601473e-01,1.046144802189899747e-01,5.380607130917471753e-02,8.411035739906858044e-02,1.923566991796898940e-02,9.702498326838993048e-02,-1.012511481136867987e-03,-2.166327314970591805e-02,5.773842110842523218e-02,-4.189234768743758247e-02,1.696434911167145621e-01,-2.838726427378885503e-02,5.127491899783509499e-02,-7.743693629777587129e-02,1.247389075474481385e-01,3.739962458476998597e-01,-5.674754234493661897e-02,1.439699603541519379e-01,1.000000000000000000e+00,-7.174091265699460325e-03,2.231445026656585784e-01,-8.291860808054810072e-02,4.666916536075466082e-02,-7.339466297530201910e-02,4.464280348843236573e-02,-3.206239052867183859e-02,-5.675381687690430471e-02
-8.956324910924025329e-02,-4.172160522235440067e-02,1.424535363686194878e-01,6.903068004382209577e-02,1.049143153576806604e-02,-1.560854347504933848e-01,-7.777217435753004671e-02,1.820142242021172418e-01,4.541162904161379077e-03,1.669808623515079693e-01,-8.904939530537660242e-02,-4.703074170253348542e-03,9.096029114366216417e-02,7.070370638879594494e-02,-1.370206512859341030e-01,1.205098703956272027e-02,1.762935771827467135e-01,-9.312760041570197767e-02,-1.741565507550663083e-02,-2.136624536503734795e-01,1.593675513542843758e-01,4.667335611120547456e-02,-5.064035977751905893e-02,-1.265384923190359667e-01,-1.208877847613147073e-02,9.438658298374189015e-02,4.701572223920373605e-02,5.773032669337321843e-02,1.300358016733828559e-01,3.392411840937595985e-02,-7.174091265699320680e-03,1.000000000000000000e+00,1.122379967365245285e-01,-4.076612001701519772e-02,2.071324059354675284e-01,9.354653726064300623e-02,2.002250702507867575e-01,-4.024337737266602683e-02,8.561215976763224267e-02
-5.062468503365802688e-03,-8.635415104786638152e-03,3.362766654910341324e-01,-1.236287895638350613e-02,4.355580712252818398e-02,-4.395150228202262394e-02,-7.703826958621592946e-02,1.675061571343163525e-01,-1.251697059140885818e-02,7.863190531037306946e-03,1.713138263882755044e-02,7.553125252320118388e-02,1.612421002927017788e-01,-1.199060611292409456e-01,9.739952044611770166e-02,-4.665040845497005900e-02,-4.579667290798902085e-02,-2.764400248732984053e-02,-4.344077183497725703e-03,1.214006937186961343e-01,5.647486022994580718e-02,1.197673626088760074e-01,2.153179362265496971e-02,1.790777705756040755e-02,-4.163314993431239258e-02,-2.346865301755387406e-02,1.163393248929860124e-01,9.636513376252875407e-02,-6.165940409157281976e-02,-4.701828307535502183e-03,2.231445026656578290e-01,1.122379967365246256e-01,1.000000000000000000e+00,-2.170922483025259503e-02,2.384286334365733409e-02,-3.410755760491297750e-02,1.964706113059332959e-01,-4.843947670668563577e-02,-2.815871508426688943e-02
-1.697363200303224073e-01,-1.045664311107025457e-01,-5.799613641488134824e-02,-2.574063402544729193e-02,2.918591845384180261e-01,7.023337805031842906e-02,-8.978061763935782369e-02,1.255924267603128752e-01,-4.927162063071572479e-02,9.969733554524193297e-02,-4.622551951572882734e-02,9.703855943396658135e-02,-4.359209434985374804e-02,-7.080784039618187586e-02,1.176586968164743674e-01,1.286262349528268512e-01,-2.038418293205743193e-02,-4.254571474561018307e-02,2.414482742963321715e-01,6.433844738547675468e-02,4.035814204029497532e-02,-3.562477351962650002e-02,2.087801307009222104e-03,6.462683855489144424e-02,1.229307541879045701e-01,1.671940565345558793e-02,-9.655005281089330121e-03,9.564848557092517356e-02,1.156926575622253123e-01,-5.751747136651109982e-02,-8.291860808054815624e-02,-4.076612001701494098e-02,-2.170922483025252564e-02,1.000000000000000000e+00,1.732028327331412709e-02,-1.358745105894452023e-04,-8.750362999704769384e-02,7.489432820107588817e-02,1.083273931843002080e-01
6.451801301478314599e-02,-4.754844467217796133e-02,2.389146674669441819e-02,1.136449332885182961e-01,1.807898153822330156e-01,1.858608297506718077e-01,-2.697776838276728928e-02,6.273092004095622357e-03,7.680777310924373491e-02,1.037489961694682689e-01,9.305570967169377039e-02,-9.155191795424329204e-02,3.700413506739382019e-02,2.870873520457827011e-02,7.096574262253171894e-02,-5.023453338282900249e-02,-8.283231866272128263e-02,-3.976317630420288934e-02,-3.060236112885173637e-02,-1.539314317034018789e-02,-2.077852646908412426e-01,-2.859890850335769855e-02,-1.635756758125634508e-02,2.045792726069727285e-01,-1.188928625520766780e-01,-2.639276487675742411e-01,1.144697993265157976e-01,-4.678235580985566633e-02,7.313662552260276860e-03,1.631991402034414784e-02,4.666916536075459837e-02,2.071324059354671121e-01,2.384286334365767410e-02,1.732028327331455730e-02,1.000000000000000000e+00,1.105907002297879249e-01,1.739019294403350013e-01,-8.153265007831547728e-03,-7.166676719228937120e-02
-5.836378817398706759e-02,-4.965215631194497964e-03,1.262827302286003706e-01,-1.422871932940381889e-01,-5.264462861941166145e-03,1.421093004678201099e-01,1.094779820656373581e-01,1.178143111099904244e-01,2.641086051961140727e-02,6.820871214896009026e-03,-9.992121028559268481e-02,-1.647952752539918186e-01,3.018558854033049493e-02,1.104142886540432217e-01,3.554758191559689168e-02,2.368425295822621790e-01,-1.318191432988882923e-02,-1.163942760205010363e-01,2.390529645883539556e-01,6.572018780143720762e-02,8.085649096096418631e-02,-3.634247903337424479e-02,7.660548114203660081e-03,3.016436229279910453e-02,1.422846216456966906e-01,-2.976344193471790536e-02,9.166171182875765613e-03,6.178160418934729864e-02,-2.422872203608491745e-02,1.438412314335181796e-01,-7.339466297530222727e-02,9.354653726064236785e-02,-3.410755760491295668e-02,-1.358745105899974407e-04,1.105907002297879527e-01,1.000000000000000000e+00,-7.831451325045644951e-02,-2.064337672100858001e-01,-3.318287838473193280e-02
-8.981633940508476632e-02,-1.631349351710607506e-02,5.290722524920611625e-02,-7.919006242690154740e-02,6.429175873288892062e-02,2.315322082633793077e-02,9.606375081906837199e-02,6.658848036036214141e-03,2.789666904898270572e-02,2.663989572899379613e-02,8.847287294953371309e-03,-4.767683194939723035e-02,-3.829422114782613656e-02,-1.614936856726374020e-02,1.175062540818667088e-02,-3.174305429618642233e-02,4.263858339223067923e-02,-2.391160584299655348e-02,7.685669071272320518e-02,-9.296682420141753889e-02,5.368339322739679176e-02,2.344415206864441589e-02,2.293757782081199889e-02,1.593143685021634337e-01,1.153485228715737942e-01,-9.739542784556187716e-02,-2.734125925480889174e-01,-3.391497571336701822e-02,1.466761766853853788e-01,-5.863689876145924268e-02,4.464280348843251145e-02,2.002250702507867575e-01,1.964706113059337678e-01,-8.750362999704754119e-02,1.739019294403346960e-01,-7.831451325045643563e-02,1.000000000000000000e+00,-2.318038354638642107e-02,6.484016742430266655e-02
1.964253217834650289e-01,-3.692715111854054291e-04,7.538892360935026821e-03,3.638540871364847901e-03,6.272909742058005444e-02,2.298059636198894473e-02,-6.366262471002602508e-02,-6.142814083417569987e-02,7.335694814454156443e-02,7.333862881624229890e-02,2.084353418314442014e-02,-2.866058226979411802e-02,1.992107640120823614e-02,1.621354616261071191e-02,2.094578466571991593e-01,1.744654277709141721e-01,7.631459402379134338e-02,-1.216893854902878630e-01,9.930072236183249898e-03,-6.726624474410804189e-02,1.569401680408238214e-02,-2.249775951038405358e-02,5.429376016004372821e-03,-7.940225447134871550e-02,-1.690398622377703788e-02,3.815454040297122651e-02,2.230085081287115981e-02,6.122976708727684986e-02,8.834643681599314846e-02,-7.400643259106003125e-02,-3.206239052867223410e-02,-4.024337737266599213e-02,-4.843947670668539290e-02,7.489432820107584654e-02,-8.153265007831653546e-03,-2.064337672100858001e-01,-2.318038354638642107e-02,1.000000000000000000e+00,3.206658668426772274e-01
2.624029030862990580e-02,1.863021861682477853e-01,5.170017482483286672e-03,-1.011196663422383457e-01,-4.138897320674033570e-02,8.041874483421736219e-02,-8.688806092519585356e-02,4.695816113366718669e-02,1.159100582921336331e-01,9.427779096078706123e-02,-1.028446921878125864e-01,2.362312330370173741e-01,-7.923443187677743638e-02,1.876884861769423721e-02,1.577690733781592913e-01,-4.331719953319861094e-02,-8.121474454687899192e-02,8.745346688561625448e-02,-1.162247706271923448e-01,-1.357691426809091439e-01,-2.040537330307668623e-02,-2.087919782423470691e-02,6.420006737755917792e-03,1.421581308463402624e-02,-2.870888447703464838e-02,4.848736074448595917e-02,-1.426531763007372541e-02,1.304327061038642044e-01,-9.628852240682826691e-02,5.648883121560230314e-02,-5.675381687690401328e-02,8.561215976763188185e-02,-2.815871508426686168e-02,1.083273931843001109e-01,-7.166676719228906589e-02,-3.318287838473193280e-02,6.484016742430272207e-02,3.206658668426772274e-01,1.000000000000000000e+00
